version https://git-lfs.github.com/spec/v1
oid sha256:fbfad75b698913626b5dab9697bdb6dd534021fd601510ad4652f33b4debd5d7
size 4544800
